dfm_3 stage 3 of dfm of 5-21-99
         &INPUT1
          RLIM=35,   ZLIM=1000,             
          POTN=5,    POT(5)=1E+5,
          MI=3,      SX=7.50,   SY = 0.30,    SCALE='   ',
          PASS=8,    XR=0.9950, TYME=10000.0, ERROR=0.10E-2,
          POIS=0,    LSTPOT=0,  LSTMAG=0,     LSTBND=0,
          CSYS=2,    INTPA = 2,
         &END
            0    0    0      0.0000000  0.0000000
          888
         &INPUTA
         COLUMNS=1234,
         &END
         &INPUT5
          START ='CARDS', ZO=-820,      SKAL=1.00,
          MAXRAY =-350,   IPHI=184,     UNITIN=0.0053,
          NS=80,          SAVE=0,       STEP=0.1,
          AV=78,          AVR=1.0,      SPC=1.0,
          ZDOTEQ=0.10,    MAGMLT=  1.0, IPBP=184, 350,
         &END
  1 0.0 488.503528 0.008821 52808.094574 -0.034313 -142854.632877  0.025486 1.0
  2 0.0 480.210725 0.008821 52799.925534 -0.113328 -147489.110845  0.031090 1.0
  3 0.0 485.261769 0.008821 52675.639779 -0.010351 -130487.579843 -0.075013 1.0
  4 0.0 487.744507 0.008821 53276.728231 -0.034730 -140249.093874  0.003689 1.0
  5 0.0 484.751064 0.008821 53253.184452 -0.089207 -146895.023438 -0.014433 1.0
  6 0.0 488.720182 0.008821 52931.420580  0.056514 -130744.656049  0.089238 1.0
  7 0.0 474.943573 0.008821 53522.861589 -0.021195 -137968.020602  0.074623 1.0
  8 0.0 488.077248 0.008821 53173.250495  0.076855 -176296.833193 -0.112822 1.0
  9 0.0 472.490769 0.008821 53051.759333  0.016620 -160396.352380  0.176629 1.0
 10 0.0 477.677778 0.008821 53274.550155  0.016698 -136385.602936 -0.049736 1.0
 11 0.0 478.913403 0.008821 53348.798456  0.037492 -137342.607661  0.000209 1.0
 12 0.0 484.374212 0.008821 53107.135785  0.031305 -138308.737521 -0.001449 1.0
 13 0.0 483.769380 0.008821 52764.155788  0.016482 -129124.101845 -0.045804 1.0
 14 0.0 477.072553 0.008821 52624.260429 -0.128701 -147818.500108  0.036954 1.0
 15 0.0 476.007802 0.008821 52891.055651  0.102890 -120913.492047  0.098445 1.0
 16 0.0 483.271798 0.008821 53187.842191  0.018888 -139009.875379 -0.020083 1.0
 17 0.0 479.239547 0.008821 53171.101585  0.041326 -137827.046518  0.056570 1.0
 18 0.0 483.395059 0.008821 53009.526147  0.002985 -133298.584847  0.039175 1.0
 19 0.0 480.138352 0.008821 53069.415660  0.009458 -133525.525078  0.077546 1.0
 20 0.0 487.183755 0.008821 52623.803098 -0.058491 -125684.441575 -0.090599 1.0
 21 0.0 484.171776 0.008821 52581.150551 -0.076801 -134610.083905 -0.026143 1.0
 22 0.0 478.648426 0.008821 52578.372727 -0.121625 -152470.100949 -0.041546 1.0
 23 0.0 480.804848 0.008821 52923.050598  0.057443 -138357.431751 -0.015981 1.0
 24 0.0 487.538619 0.008821 52800.920926  0.056155 -126256.447257 -0.093884 1.0
 25 0.0 478.209236 0.008821 52802.345863  0.107062 -127067.550128 -0.001088 1.0
 26 0.0 489.548369 0.008821 53194.176392  0.037151 -139872.231021  0.034329 1.0
 27 0.0 485.072974 0.008821 52796.784164 -0.053271 -131950.538626  0.031159 1.0
 28 0.0 490.878805 0.008821 53273.191741 -0.001105 -137808.731260  0.078188 1.0
 29 0.0 482.772764 0.008821 52469.082691  0.114805 -155184.443661  0.002487 1.0
 30 0.0 474.868996 0.008821 53459.221603  0.045868 -138282.085458 -0.050292 1.0
 31 0.0 481.222091 0.008821 53378.441426 -0.038345 -137693.849779 -0.046446 1.0
 32 0.0 484.274658 0.008821 52793.121748 -0.006565 -132736.916464  0.053535 1.0
 33 0.0 497.863302 0.008821 53444.992970 -0.175885 -175359.935129  0.136991 1.0
 34 0.0 487.714761 0.008821 53326.264630  0.035960 -137271.461558 -0.037231 1.0
 35 0.0 480.960218 0.008821 52814.692510  0.061138 -121296.196738 -0.008674 1.0
 36 0.0 477.664990 0.008821 52666.174297 -0.124309 -141788.507980  0.008354 1.0
 37 0.0 476.140230 0.008821 53189.042709  0.023401 -125965.065969  0.039287 1.0
 38 0.0 482.177590 0.008821 52786.219025  0.025322 -150053.854461 -0.094558 1.0
 39 0.0 479.088486 0.008821 52776.734781 -0.004371 -130760.982115 -0.085780 1.0
 40 0.0 481.443180 0.008821 53025.431903  0.013808 -132490.850040 -0.034080 1.0
 41 0.0 483.488481 0.008821 53060.843360  0.019959 -135240.434506 -0.009525 1.0
 42 0.0 487.811903 0.008821 52591.810741  0.043674 -140229.262705  0.024710 1.0
 43 0.0 486.050528 0.008821 53269.120470  0.052143 -146231.413210 -0.094735 1.0
 44 0.0 476.160870 0.008821 53257.063071 -0.042520 -135310.506898  0.029053 1.0
 45 0.0 490.896342 0.008821 53301.181314 -0.066351 -139827.000924 -0.022499 1.0
 46 0.0 476.893730 0.008821 53112.860950  0.015458 -134126.150823  0.035831 1.0
 47 0.0 493.092588 0.008821 52948.531706 -0.161831 -112847.436313 -0.045833 1.0
 48 0.0 491.028112 0.008821 52859.838900  0.012237 -113483.406946  0.152584 1.0
 49 0.0 484.892761 0.008821 52227.300259  0.003289 -123695.328830  0.109203 1.0
 50 0.0 481.119436 0.008821 52922.361712 -0.004489 -131165.097461 -0.044537 1.0
 51 0.0 481.173176 0.008821 53117.810113  0.001180 -137237.905248 -0.007200 1.0
 52 0.0 494.752812 0.008821 53077.458404  0.175080 -113294.381447 -0.031078 1.0
 53 0.0 484.194535 0.008821 52873.602068  0.058810 -131309.450910  0.035991 1.0
 54 0.0 488.304185 0.008821 53828.197283  0.106180 -173115.214055  0.122985 1.0
 55 0.0 484.171180 0.008821 52740.727080 -0.035075 -121385.194708  0.100104 1.0
 56 0.0 489.520763 0.008821 52586.170752 -0.108526 -172175.999035  0.110633 1.0
 57 0.0 472.879778 0.008821 54010.517609  0.068155 -137765.859089  0.092189 1.0
 58 0.0 488.652237 0.008821 53226.084758 -0.044281 -138187.078942 -0.027930 1.0
 59 0.0 486.017122 0.008821 52638.139237  0.031946 -127533.926614 -0.091461 1.0
 60 0.0 481.392489 0.008821 52989.052499  0.009171 -127019.193552  0.038150 1.0
 61 0.0 488.015834 0.008821 52784.769213  0.117398 -173856.230407  0.076666 1.0
 62 0.0 485.732600 0.008821 53041.567090  0.101579 -139177.323516  0.047346 1.0
 63 0.0 484.504615 0.008821 52814.203901 -0.062677 -146715.713615 -0.028776 1.0
 64 0.0 482.406120 0.008821 52768.242657 -0.057075 -147282.873467  0.092558 1.0
 65 0.0 480.097848 0.008821 52990.591401 -0.024844 -136561.156182  0.046513 1.0
 66 0.0 469.942038 0.008821 53100.510960  0.131650 -120415.938369  0.132697 1.0
 67 0.0 488.730888 0.008821 53222.176303 -0.019016 -134106.920085  0.025253 1.0
 68 0.0 480.413085 0.008821 52640.492001  0.014862 -118771.953238  0.122778 1.0
 69 0.0 476.767199 0.008821 53101.275956  0.000571 -130273.512848  0.049716 1.0
 70 0.0 492.727580 0.008821 53699.286796  0.073932 -138441.607908 -0.001169 1.0
 71 0.0 485.547197 0.008821 52956.299351 -0.014042 -133874.263753  0.012252 1.0
 72 0.0 480.945346 0.008821 52864.193822  0.045680 -139084.273698 -0.008386 1.0
 73 0.0 487.668047 0.008821 53190.163477  0.018925 -136263.995217  0.016049 1.0
 74 0.0 489.645636 0.008821 52877.620392  0.015948 -140245.851548  0.048346 1.0
 75 0.0 480.593615 0.008821 52691.814498  0.016012 -122934.330142 -0.073162 1.0
 76 0.0 476.502019 0.008821 53245.674852 -0.059544 -134702.208353  0.075254 1.0
 77 0.0 478.290612 0.008821 52856.231251  0.015104 -149394.779252  0.122035 1.0
 78 0.0 481.294341 0.008821 53035.578076  0.008715 -130003.287915  0.021457 1.0
 79 0.0 493.333683 0.008821 53446.010315  0.082703 -139805.043523  0.011307 1.0
 80 0.0 497.982908 0.008821 54067.391975  0.206054 -175215.803485 -0.025538 1.0
 81 0.0 474.253110 0.008821 52874.986329  0.132120 -136106.105939  0.046050 1.0
 82 0.0 476.820815 0.008821 53113.675774  0.026271 -136263.827097 -0.032618 1.0
 83 0.0 474.201374 0.008821 53352.363058  0.078292 -136485.157185 -0.028408 1.0
 84 0.0 480.040699 0.008821 52819.329241  0.010143 -119811.902177 -0.060964 1.0
 85 0.0 487.153796 0.008821 52705.036550  0.064804 -144517.232775  0.100472 1.0
 86 0.0 483.980663 0.008821 53071.145459 -0.019176 -138392.861406  0.004648 1.0
 87 0.0 478.394444 0.008821 53099.885249  0.026680 -134004.848265  0.021117 1.0
 88 0.0 481.524782 0.008821 53275.015618 -0.037456 -137824.730974 -0.034266 1.0
 89 0.0 485.726125 0.008821 52868.578585  0.018524 -138617.128660 -0.045465 1.0
 90 0.0 477.545634 0.008821 53044.092727 -0.019554 -132452.419644 -0.037891 1.0
 91 0.0 481.580157 0.008821 53116.700117 -0.024493 -136488.316157  0.017573 1.0
 92 0.0 482.141441 0.008821 53139.454546 -0.006856 -137510.108070 -0.014257 1.0
 93 0.0 477.932259 0.008821 53015.943942  0.011761 -133690.962831 -0.040266 1.0
 94 0.0 478.061463 0.008821 53077.723911 -0.017856 -132789.187848  0.036103 1.0
 95 0.0 479.507107 0.008821 52784.726828  0.014191 -121314.270411 -0.036581 1.0
 96 0.0 478.029774 0.008821 52848.907445  0.093848 -118782.679051 -0.099224 1.0
 97 0.0 485.007392 0.008821 53036.326204  0.004511 -135983.740971 -0.048240 1.0
 98 0.0 482.784866 0.008821 52802.058356 -0.085368 -130426.655191 -0.047108 1.0
 99 0.0 474.037897 0.008821 53303.929013  0.109987 -118841.444977  0.119461 1.0
100 0.0 474.978321 0.008821 52825.607469 -0.067608 -135161.584523  0.120519 1.0
101 0.0 490.557539 0.008821 52896.872870 -0.039867 -140344.144186 -0.046370 1.0
102 0.0 493.067097 0.008821 53075.452833  0.122745 -130462.569429 -0.071998 1.0
103 0.0 482.418748 0.008821 52968.341594 -0.006307 -128235.759559  0.036971 1.0
104 0.0 486.955520 0.008821 53106.959645 -0.036892 -135882.522469  0.047093 1.0
105 0.0 485.067111 0.008821 53543.010766  0.013724 -138026.903789  0.003993 1.0
106 0.0 481.943248 0.008821 52860.496114  0.027689 -137852.792990 -0.039986 1.0
107 0.0 483.394016 0.008821 53272.159283 -0.021185 -135880.438621 -0.009019 1.0
108 0.0 483.426659 0.008821 52723.128511  0.061660 -149823.133635 -0.075450 1.0
109 0.0 490.078796 0.008821 53163.818902 -0.018418 -134752.038457 -0.048902 1.0
110 0.0 483.346156 0.008821 52580.193091 -0.038038 -125830.416894  0.081308 1.0
111 0.0 476.952762 0.008821 52737.877090  0.103373 -135130.732270  0.066436 1.0
112 0.0 480.073318 0.008821 52986.998246 -0.059803 -132895.269133 -0.024095 1.0
113 0.0 472.480288 0.008821 53253.260443 -0.034873 -128715.166099  0.063070 1.0
114 0.0 480.458422 0.008821 53164.684949  0.041259 -133973.555225  0.047404 1.0
115 0.0 489.263168 0.008821 52857.544434  0.006873 -135614.676655 -0.033489 1.0
116 0.0 486.426320 0.008821 53082.579080 -0.023143 -134655.788697 -0.002376 1.0
117 0.0 482.510945 0.008821 52557.872478 -0.023533 -123283.403645  0.077433 1.0
118 0.0 482.352448 0.008821 53228.044619  0.028126 -137972.400214 -0.017656 1.0
119 0.0 481.180092 0.008821 53089.654114  0.011307 -134968.316450 -0.031970 1.0
120 0.0 485.184980 0.008821 53097.844946  0.037434 -134108.571623 -0.030258 1.0
121 0.0 488.491356 0.008821 53044.254881 -0.023733 -137386.754158 -0.033135 1.0
122 0.0 484.313159 0.008821 52915.952595  0.051916 -132585.836777 -0.015747 1.0
123 0.0 478.977623 0.008821 52622.740814 -0.105788 -159752.167854  0.077642 1.0
124 0.0 490.051706 0.008821 53490.226868 -0.001833 -137735.553582  0.060919 1.0
125 0.0 479.895990 0.008821 52769.606076 -0.008372 -147393.621159  0.108250 1.0
126 0.0 483.398783 0.008821 53257.633545 -0.001915 -162517.469479  0.129331 1.0
127 0.0 472.567598 0.008821 53533.699095  0.106516 -138751.588423  0.009356 1.0
128 0.0 484.472708 0.008821 53237.767841 -0.009877 -137279.620353 -0.025392 1.0
129 0.0 484.193035 0.008821 52987.002967  0.012892 -135648.265459 -0.012803 1.0
130 0.0 476.685717 0.008821 52795.005676 -0.034388 -124888.875027 -0.007671 1.0
131 0.0 487.834451 0.008821 52209.048710 -0.032564 -135739.810668 -0.032324 1.0
132 0.0 481.466070 0.008821 52848.150413 -0.087272 -147325.256816 -0.017758 1.0
133 0.0 487.817456 0.008821 52514.219041  0.024671 -139864.114610  0.038694 1.0
134 0.0 482.030584 0.008821 53188.900331 -0.013795 -138033.703491 -0.004363 1.0
135 0.0 482.840554 0.008821 53284.260317 -0.011562 -133688.216390  0.029683 1.0
136 0.0 480.014236 0.008821 53050.078813 -0.020414 -134184.232965 -0.018565 1.0
137 0.0 476.466823 0.008821 53329.962309 -0.018787 -138314.517197 -0.061950 1.0
138 0.0 493.975169 0.008821 53407.433998 -0.182011 -173922.009365  0.002540 1.0
139 0.0 478.951614 0.008821 53261.705944  0.034320 -138497.100428  0.032638 1.0
140 0.0 486.540954 0.008821 53237.307438 -0.058970 -131934.212560 -0.022625 1.0
141 0.0 487.857784 0.008821 53717.323796 -0.030740 -138263.118909 -0.068834 1.0
142 0.0 476.985754 0.008821 53107.800936  0.021647 -125648.643185 -0.030596 1.0
143 0.0 483.268035 0.008821 53298.113209  0.007421 -137354.333721  0.010744 1.0
144 0.0 479.574869 0.008821 52806.092765  0.108002 -147125.885541  0.023011 1.0
145 0.0 487.063582 0.008821 54173.432565 -0.032583 -136841.736780  0.017614 1.0
146 0.0 487.647342 0.008821 52862.486093  0.054599 -124425.509172  0.078754 1.0
147 0.0 485.478608 0.008821 53292.892037 -0.041453 -129518.091809 -0.028377 1.0
148 0.0 488.849520 0.008821 53136.074379 -0.038848 -141210.571455  0.043231 1.0
149 0.0 492.154319 0.008821 53442.664218 -0.014400 -138226.508172  0.073546 1.0
150 0.0 478.931627 0.008821 53276.283630 -0.017461 -137967.863783 -0.029008 1.0
151 0.0 482.861186 0.008821 52738.827562  0.054793 -131056.310705  0.006719 1.0
152 0.0 480.955419 0.008821 52892.844672 -0.072520 -160410.437780 -0.084889 1.0
153 0.0 478.614136 0.008821 53235.052804  0.011338 -123755.843776  0.031606 1.0
154 0.0 475.991926 0.008821 52721.316035 -0.029678 -123508.493137  0.032439 1.0
155 0.0 479.756372 0.008821 52740.107781 -0.017212 -125395.586334 -0.049324 1.0
156 0.0 476.942550 0.008821 53393.428155  0.030412 -130147.283932 -0.020791 1.0
157 0.0 481.780582 0.008821 53085.633915  0.004137 -137394.426957  0.012747 1.0
158 0.0 474.376647 0.008821 53125.007346  0.050570 -130444.622906  0.039875 1.0
159 0.0 484.380070 0.008821 52889.217791 -0.079532 -119102.606937 -0.043729 1.0
160 0.0 477.763114 0.008821 52728.565305  0.104058 -129180.742953  0.040907 1.0
161 0.0 481.550489 0.008821 53049.443943 -0.029441 -137934.159131  0.005551 1.0
162 0.0 482.476503 0.008821 52800.044676 -0.023172 -132556.299821  0.033124 1.0
163 0.0 486.611090 0.008821 52872.372481  0.090590 -120541.229201 -0.031749 1.0
164 0.0 476.628235 0.008821 52864.083001 -0.058762 -147560.540916  0.124578 1.0
165 0.0 476.880237 0.008821 53153.582196  0.033218 -133730.762209  0.010733 1.0
166 0.0 484.141660 0.008821 53166.792710  0.025614 -138569.878289 -0.020813 1.0
167 0.0 486.477418 0.008821 53224.240673 -0.026092 -138440.924124  0.036326 1.0
168 0.0 485.424083 0.008821 52850.494542 -0.004445 -137178.865242  0.035106 1.0
169 0.0 471.188208 0.008821 53423.423422  0.009157 -136746.035177  0.135283 1.0
170 0.0 478.603123 0.008821 53123.634177  0.016688 -135920.615211  0.027999 1.0
171 0.0 476.924605 0.008821 52877.120374 -0.087803 -167091.099086  0.113296 1.0
172 0.0 484.753685 0.008821 52927.267239 -0.014222 -138359.841951  0.028081 1.0
173 0.0 481.751730 0.008821 52910.892430  0.024194 -133957.429773  0.010831 1.0
174 0.0 481.608269 0.008821 53020.354120  0.018295 -134093.299489  0.001938 1.0
175 0.0 483.762951 0.008821 53180.633855  0.000642 -136815.370098  0.033489 1.0
176 0.0 483.965590 0.008821 53028.629754 -0.047352 -127091.243833 -0.012031 1.0
177 0.0 480.823928 0.008821 52792.251296 -0.015312 -118900.453902 -0.056809 1.0
178 0.0 487.118510 0.008821 53029.479098 -0.054310 -135313.274530 -0.027601 1.0
179 0.0 483.045057 0.008821 52592.436469  0.070117 -133745.118862 -0.067832 1.0
180 0.0 482.586382 0.008821 52843.593956  0.028795 -129873.271340 -0.048237 1.0
181 0.0 491.262003 0.008821 53409.982402  0.029219 -139161.987807  0.068210 1.0
182 0.0 479.686430 0.008821 52940.899128 -0.015384 -131912.612592  0.009889 1.0
183 0.0 475.567722 0.008821 53227.765092 -0.028006 -133798.148908  0.065410 1.0
184 0.0 485.339935 0.008821 53280.415187 -0.007390 -138262.086169  0.028578 1.0
185 0.0 477.942644 0.008821 53036.440257 -0.120130 -147305.887626 -0.014155 1.0
186 0.0 483.486968 0.008821 52771.257552 -0.043932 -140588.862819 -0.058124 1.0
187 0.0 479.528664 0.008821 52684.712688 -0.087567 -135202.235806  0.049730 1.0
188 0.0 481.145006 0.008821 53034.462081  0.107095 -161891.114215  0.022950 1.0
189 0.0 476.943251 0.008821 53121.490495  0.023309 -134885.613821 -0.052793 1.0
190 0.0 485.670185 0.008821 53002.916600  0.055498 -134138.191933 -0.009883 1.0
191 0.0 488.920987 0.008821 52732.985589  0.010708 -127961.461586  0.124800 1.0
192 0.0 484.056206 0.008821 53060.952576 -0.021418 -135839.513259  0.004903 1.0
193 0.0 485.331350 0.008821 52725.031743  0.067548 -128394.618003  0.062246 1.0
194 0.0 474.773677 0.008821 53331.322880 -0.031464 -132212.089100  0.038899 1.0
195 0.0 478.964599 0.008821 53335.644245 -0.127683 -171366.222763  0.032214 1.0
196 0.0 481.573880 0.008821 53330.316328  0.026749 -138280.897312 -0.002897 1.0
197 0.0 476.054615 0.008821 52723.366942 -0.040012 -129043.789637  0.121394 1.0
198 0.0 483.598356 0.008821 53208.280302 -0.004360 -137562.454332  0.031215 1.0
199 0.0 470.229296 0.008821 53517.160277  0.080467 -138247.550092  0.094181 1.0
200 0.0 484.278089 0.008821 53015.751188 -0.013589 -132631.897588  0.055931 1.0
201 0.0 490.668270 0.008821 52839.051689 -0.130436 -113554.562939 -0.086883 1.0
202 0.0 475.128244 0.008821 52708.397574 -0.003962 -127929.135806 -0.135232 1.0
203 0.0 487.801151 0.008821 53081.166324 -0.045150 -137711.996916 -0.000715 1.0
204 0.0 483.035766 0.008821 52846.303492 -0.089049 -133758.687185  0.032954 1.0
205 0.0 484.003516 0.008821 53110.922660 -0.083841 -114577.671561  0.072280 1.0
206 0.0 483.575858 0.008821 52775.118038 -0.090890 -133775.697035 -0.003553 1.0
207 0.0 485.168152 0.008821 53224.557976 -0.014677 -136257.753563 -0.042447 1.0
208 0.0 480.939260 0.008821 53030.830746 -0.008555 -137053.773612 -0.001913 1.0
209 0.0 478.977649 0.008821 52858.943827  0.097329 -145370.480236  0.053573 1.0
210 0.0 483.117753 0.008821 52578.115340 -0.078728 -104647.361603 -0.036591 1.0
211 0.0 483.706041 0.008821 53125.999395  0.007017 -137895.697654  0.004525 1.0
212 0.0 477.430105 0.008821 53142.981999  0.032313 -125638.664732  0.000489 1.0
213 0.0 484.942130 0.008821 52920.664114  0.025499 -130261.480215 -0.067750 1.0
214 0.0 484.017000 0.008821 52717.711878 -0.062147 -146486.787017 -0.057551 1.0
215 0.0 482.040215 0.008821 52476.508094 -0.045566 -125392.481048  0.063316 1.0
216 0.0 483.806805 0.008821 53106.933760  0.035657 -134762.596150  0.007630 1.0
217 0.0 482.485896 0.008821 53362.904958  0.034515 -140525.286382  0.022497 1.0
218 0.0 478.923935 0.008821 53371.843091  0.019073 -139207.891800  0.043540 1.0
219 0.0 482.033264 0.008821 53180.987297 -0.004202 -134047.173690  0.025833 1.0
220 0.0 494.207649 0.008821 53916.691357  0.035322 -138554.415431 -0.102056 1.0
221 0.0 489.130814 0.008821 53268.710003  0.000516 -138710.379092 -0.046118 1.0
222 0.0 476.003499 0.008821 53193.321244  0.052038 -130290.122883 -0.019882 1.0
223 0.0 489.612490 0.008821 52755.756262 -0.008279 -123945.490898 -0.149855 1.0
224 0.0 484.680620 0.008821 52556.582714 -0.069333 -132274.697784  0.085120 1.0
225 0.0 481.709234 0.008821 52952.826772 -0.075360 -125861.825781  0.046775 1.0
226 0.0 483.126791 0.008821 53317.756601  0.024424 -130545.294663 -0.018456 1.0
227 0.0 477.541126 0.008821 52775.489639 -0.001089 -131783.795466 -0.115923 1.0
228 0.0 489.541766 0.008821 53018.294126  0.052073 -141185.067981 -0.003625 1.0
229 0.0 480.488612 0.008821 52813.602432  0.021104 -129699.865518  0.019282 1.0
230 0.0 483.298162 0.008821 53219.345895  0.048820 -138717.557419 -0.000472 1.0
231 0.0 480.345835 0.008821 53147.037440 -0.015778 -137390.900662  0.011252 1.0
232 0.0 477.514670 0.008821 52622.482519 -0.124024 -142196.574868 -0.021310 1.0
233 0.0 481.164139 0.008821 53143.072260  0.021242 -138202.688730  0.006282 1.0
234 0.0 471.699627 0.008821 52943.470320 -0.120580 -118883.602282  0.132053 1.0
235 0.0 485.174097 0.008821 52553.699471  0.027526 -126862.986892  0.107986 1.0
236 0.0 477.085705 0.008821 53023.964942 -0.002782 -128529.719167 -0.037277 1.0
237 0.0 491.780641 0.008821 53050.349708  0.101040 -173098.232460 -0.129795 1.0
238 0.0 484.199494 0.008821 53021.454610  0.025380 -135630.960338 -0.016828 1.0
239 0.0 482.941047 0.008821 53100.441086 -0.024891 -138423.387307 -0.007470 1.0
240 0.0 481.608223 0.008821 53244.463369 -0.004455 -134901.381840 -0.002063 1.0
241 0.0 482.719801 0.008821 52707.108475 -0.008370 -129800.325358 -0.091814 1.0
242 0.0 485.232590 0.008821 53069.407991  0.052974 -132517.880727  0.032095 1.0
243 0.0 476.040384 0.008821 53300.268777  0.024825 -125876.994782 -0.053075 1.0
244 0.0 475.238527 0.008821 52905.725673 -0.049266 -128798.679664 -0.003191 1.0
245 0.0 482.631131 0.008821 52794.925510  0.056432 -141828.659140 -0.044121 1.0
246 0.0 481.440707 0.008821 53273.334543  0.000849 -137127.077028  0.024914 1.0
247 0.0 487.851168 0.008821 52886.728466 -0.026873 -120372.759626 -0.103013 1.0
248 0.0 489.198734 0.008821 53285.612701 -0.022320 -139025.432894  0.060266 1.0
249 0.0 490.372855 0.008821 53109.550996 -0.045212 -137765.258659 -0.031038 1.0
250 0.0 476.948557 0.008821 53125.215201  0.038066 -132463.481698 -0.026563 1.0
251 0.0 484.888321 0.008821 53367.647277 -0.009970 -139892.904206 -0.022628 1.0
252 0.0 476.561278 0.008821 53153.257163  0.029815 -135116.354426  0.040333 1.0
253 0.0 477.875792 0.008821 52376.026633  0.016594 -118306.302920  0.044242 1.0
254 0.0 486.742856 0.008821 52950.821160 -0.107325 -146195.585152  0.053949 1.0
255 0.0 483.055300 0.008821 53020.852418 -0.016136 -138337.494624  0.036638 1.0
256 0.0 485.427819 0.008821 53043.055820  0.020377 -141460.347835 -0.032035 1.0
257 0.0 486.273498 0.008821 53216.977972  0.028053 -138057.240377  0.006337 1.0
258 0.0 486.417918 0.008821 52742.564489  0.083185 -123729.643802 -0.010215 1.0
259 0.0 482.999517 0.008821 53360.092567  0.003725 -139077.105261 -0.025136 1.0
260 0.0 485.312901 0.008821 52823.643328  0.076847 -131177.086298  0.010631 1.0
261 0.0 475.246173 0.008821 53371.883447 -0.034770 -133820.138803 -0.043325 1.0
262 0.0 472.110179 0.008821 53042.786141 -0.104783 -127588.808813  0.126107 1.0
263 0.0 481.208945 0.008821 53335.187279 -0.034399 -138025.472644  0.001465 1.0
264 0.0 487.635796 0.008821 53041.714920  0.034489 -137209.358649 -0.012704 1.0
265 0.0 478.237104 0.008821 53051.271378  0.011917 -134556.190651  0.083586 1.0
266 0.0 476.366287 0.008821 52940.176546 -0.117140 -128889.235928 -0.035840 1.0
267 0.0 477.233303 0.008821 53079.513295  0.041803 -134041.310660 -0.021236 1.0
268 0.0 485.971014 0.008821 53115.252787 -0.027145 -133921.388386  0.006004 1.0
269 0.0 486.935500 0.008821 52714.040720 -0.100423 -128483.478933 -0.012374 1.0
270 0.0 481.737580 0.008821 52640.056493  0.065130 -136076.379671 -0.080996 1.0
271 0.0 485.253257 0.008821 52966.828632 -0.035737 -131925.045042 -0.052057 1.0
272 0.0 486.925489 0.008821 52763.819082  0.010290 -141721.061944 -0.042806 1.0
273 0.0 474.954897 0.008821 53290.954628 -0.012180 -137901.317686 -0.080957 1.0
274 0.0 488.035645 0.008821 52866.447423  0.028464 -137518.360108 -0.022924 1.0
275 0.0 478.881657 0.008821 52682.690739  0.033047 -120305.319240 -0.036079 1.0
276 0.0 486.651859 0.008821 53247.081016 -0.035592 -139321.993427  0.009775 1.0
277 0.0 486.779150 0.008821 53423.118250  0.040410 -138310.179968  0.000165 1.0
278 0.0 490.847572 0.008821 53639.796018  0.017882 -137842.308762 -0.056677 1.0
279 0.0 479.917178 0.008821 53107.198259  0.000953 -135759.514687 -0.006888 1.0
280 0.0 494.789048 0.008821 53004.102051  0.177278 -112654.041091  0.034985 1.0
281 0.0 485.144576 0.008821 53088.180679 -0.062343 -142944.033488 -0.027134 1.0
282 0.0 488.699227 0.008821 53472.884907  0.004305 -139218.522957 -0.065474 1.0
283 0.0 488.840517 0.008821 53511.820845 -0.041075 -138117.311711  0.036855 1.0
284 0.0 489.291187 0.008821 53266.351716  0.007758 -138185.856889 -0.054837 1.0
285 0.0 482.550015 0.008821 52699.845691  0.044177 -104133.049549  0.071877 1.0
286 0.0 480.355236 0.008821 53224.728195  0.022667 -137837.320242  0.033649 1.0
287 0.0 480.372623 0.008821 52686.101309 -0.101788 -146960.887162 -0.067483 1.0
288 0.0 484.879744 0.008821 53267.347505 -0.022425 -138617.876020 -0.005119 1.0
289 0.0 483.699824 0.008821 52360.188188  0.081909 -117853.452373 -0.067505 1.0
290 0.0 482.153180 0.008821 52695.143886 -0.076213 -125387.502417  0.052735 1.0
291 0.0 491.114257 0.008821 53697.986169  0.051875 -138427.133995 -0.060727 1.0
292 0.0 488.408536 0.008821 52730.117845  0.002952 -176296.409359  0.144241 1.0
293 0.0 483.649936 0.008821 52593.612206 -0.056607 -147619.383133  0.062274 1.0
294 0.0 484.648178 0.008821 53148.443801 -0.039323 -137159.190891  0.016081 1.0
295 0.0 478.562904 0.008821 52802.711007  0.126307 -170604.353804 -0.032184 1.0
296 0.0 490.919694 0.008821 52792.412328 -0.118854 -112707.913153  0.099289 1.0
297 0.0 489.699576 0.008821 53200.608681 -0.050998 -175130.485803 -0.139078 1.0
298 0.0 485.569523 0.008821 53133.038111 -0.040115 -134500.982100  0.016298 1.0
299 0.0 482.183124 0.008821 53404.249238  0.018462 -138445.238749 -0.032562 1.0
300 0.0 480.426015 0.008821 52328.729045 -0.113352 -136256.164187  0.013527 1.0
301 0.0 477.616267 0.008821 52827.578551 -0.020311 -124961.956637 -0.029765 1.0
302 0.0 480.787012 0.008821 52961.674145  0.033017 -132532.185108 -0.010291 1.0
303 0.0 483.128495 0.008821 53428.434322 -0.003887 -138119.953607 -0.031070 1.0
304 0.0 468.971082 0.008821 53610.146811  0.075783 -138340.389406 -0.101850 1.0
305 0.0 483.730903 0.008821 52866.867426  0.040216 -133502.136533  0.093434 1.0
306 0.0 484.207843 0.008821 52481.933641  0.092622 -155098.857551 -0.028055 1.0
307 0.0 478.900656 0.008821 52752.785917 -0.022022 -121214.262660  0.050230 1.0
308 0.0 490.948350 0.008821 53554.319130  0.023564 -138178.499140  0.076350 1.0
309 0.0 488.436463 0.008821 52720.129940 -0.092189 -128922.844511 -0.074179 1.0
310 0.0 481.267758 0.008821 52429.884652  0.074719 -121646.102368  0.050785 1.0
311 0.0 489.756504 0.008821 53013.718245 -0.052659 -142840.505093 -0.024164 1.0
312 0.0 476.910506 0.008821 53008.389780 -0.038904 -128728.429262  0.012913 1.0
313 0.0 481.506936 0.008821 52552.734642 -0.043139 -104368.590775  0.066942 1.0
314 0.0 478.085981 0.008821 52948.455064  0.080510 -133322.205087  0.052519 1.0
315 0.0 484.890181 0.008821 53223.611619  0.018220 -138214.361104 -0.019915 1.0
316 0.0 474.949034 0.008821 53055.895202  0.041222 -128770.459417  0.010536 1.0
317 0.0 476.083907 0.008821 52778.345279 -0.084747 -128389.175981 -0.099083 1.0
318 0.0 474.748247 0.008821 52825.948534  0.047950 -135145.331921  0.133713 1.0
319 0.0 478.814777 0.008821 52799.923720 -0.085036 -130009.372752 -0.023647 1.0
320 0.0 487.646280 0.008821 52778.907854  0.014001 -130412.971021  0.096820 1.0
321 0.0 484.024908 0.008821 52817.809762  0.017201 -127320.753907 -0.063088 1.0
322 0.0 488.264573 0.008821 52739.305118  0.096374 -120918.449486 -0.060115 1.0
323 0.0 484.227110 0.008821 52988.483746 -0.030664 -133868.874003  0.016852 1.0
324 0.0 488.091256 0.008821 52605.602150  0.000659 -144664.740959 -0.128107 1.0
325 0.0 484.030982 0.008821 53363.458015  0.005258 -138169.530823  0.001938 1.0
326 0.0 481.457846 0.008821 53122.660352  0.004989 -137897.864856  0.018768 1.0
327 0.0 486.032085 0.008821 53403.670994  0.007606 -138661.211582 -0.050101 1.0
328 0.0 479.696796 0.008821 52743.723690  0.057062 -128553.065329 -0.080284 1.0
329 0.0 489.131297 0.008821 53332.171402 -0.031817 -138296.906916 -0.060203 1.0
330 0.0 486.132883 0.008821 52477.472238  0.102127 -138667.400963 -0.044744 1.0
331 0.0 482.281316 0.008821 52590.200714 -0.011074 -120447.063288 -0.112519 1.0
332 0.0 490.224343 0.008821 52699.499190  0.011193 -112762.101678 -0.149706 1.0
333 0.0 484.832665 0.008821 52682.869356 -0.072651 -141414.347773  0.026541 1.0
334 0.0 484.730180 0.008821 52704.592708  0.061425 -121889.306503  0.059378 1.0
335 0.0 476.227618 0.008821 52389.950107 -0.044855 -121726.164515 -0.020449 1.0
336 0.0 482.240679 0.008821 53076.018694  0.000080 -132611.193322 -0.041454 1.0
337 0.0 480.488896 0.008821 52689.177412  0.106254 -149959.085292  0.028434 1.0
338 0.0 479.037180 0.008821 53177.885871 -0.051287 -139135.640904  0.005152 1.0
339 0.0 481.924339 0.008821 52622.830589 -0.096111 -120955.438848  0.027586 1.0
340 0.0 480.099127 0.008821 53259.552318 -0.017110 -138902.615837 -0.048378 1.0
341 0.0 478.732542 0.008821 53146.724615 -0.061792 -136283.700649  0.024557 1.0
342 0.0 476.203837 0.008821 53363.745078  0.008696 -135101.113373 -0.059757 1.0
343 0.0 476.510151 0.008821 53157.571721 -0.054845 -135196.994399  0.007135 1.0
344 0.0 479.762880 0.008821 53176.411441 -0.028856 -138193.952109 -0.013131 1.0
345 0.0 478.556608 0.008821 53065.558313 -0.070353 -138180.173282  0.036812 1.0
346 0.0 484.842219 0.008821 53251.579713 -0.018778 -140075.004267  0.014966 1.0
347 0.0 480.453136 0.008821 53081.746659 -0.010732 -136942.387345 -0.018916 1.0
348 0.0 475.935186 0.008821 53190.386032 -0.038512 -136774.381161  0.047524 1.0
349 0.0 485.737800 0.008821 52559.698712  0.083042 -121711.184826  0.048492 1.0
350 0.0 484.414284 0.008821 53216.951591  0.022150 -138211.993288 -0.010290 1.0